        price     year  mileage     mpg  engineSize     tax  logprice   lp100  \
count  438.00   438.00   438.00  438.00      438.00  438.00    438.00  438.00   
mean    14.68  2017.21    25.11   58.72        1.47   96.80      2.54    5.11   
std      7.75     1.96    25.04   17.75        0.42   61.65      0.55    1.19   
min      3.50  2006.00     1.20   32.50        1.00    0.00      1.25    1.70   
25%      7.78  2016.00     6.05   50.40        1.00   20.00      2.05    4.40   
50%     12.00  2017.00    17.53   60.10        1.50  145.00      2.48    4.70   
75%     20.99  2019.00    33.37   64.20        2.00  145.00      3.04    5.60   
max     38.99  2020.00   138.57  166.00        2.00  265.00      3.66    8.69   

          age  model_T-Roc  model_Up  fuelType_Petrol  fuelType_Hybrid  \
count  438.00       438.00    438.00           438.00           438.00   
mean     3.79         0.29      0.34             0.58             0.03   
std      1.96         0.45      0.48             0.49             0.17   
min      1.00         0.00      0.00             0.00             0.00   
25%      2.00         0.00      0.00             0.00             0.00   
50%      4.00         0.00      0.00             1.00             0.00   
75%      5.00         1.00      1.00             1.00             0.00   
max     15.00         1.00      1.00             1.00             1.00   

       transmission_Automatic  transmission_Semi-Auto  model_TRoc  \
count                  438.00                  438.00      438.00   
mean                     0.12                    0.15        0.29   
std                      0.32                    0.36        0.45   
min                      0.00                    0.00        0.00
min                     0.00           1.38      -0.32  
25%                     0.00           2.05      -0.07  
50%                     0.00           2.50       0.01  
75%                     0.00           3.03       0.07  
max                     1.00           3.49       0.45  
